cam0:
  T_cam_imu:
  - [0.006430106303925598, 0.9989137586184766, -0.04615145258415068, 0.03638358764419038]
  - [-0.9716485987059693, 0.017149263893611044, 0.23580691970472914, -0.06426408223896224]
  - [0.2363422399099355, 0.043326730670732366, 0.9707034253796261, -0.2643914191674032]
  - [0.0, 0.0, 0.0, 1.0]
  cam_overlaps: [1]
  camera_model: pinhole
  distortion_coeffs: [0.015456423295635777, -0.008300872266559508, 0.0014890612874466113,
    -0.00026549266727789146]
  distortion_model: radtan
  intrinsics: [392.09651003936784, 393.09190767381585, 327.8529575925707, 246.05592585900285]
  resolution: [640, 480]
  rostopic: /camera_d435i/infra1/image_rect_raw
  timeshift_cam_imu: -0.034965927599464805
cam1:
  T_cam_imu:
  - [0.00815262817970086, 0.9991461054427327, -0.040504254497314554, -0.014131982141120034]
  - [-0.9716461541346587, 0.017486988692101746, 0.2357921889753969, -0.06418805023677379]
  - [0.23629914474896124, 0.037433477064012954, 0.9709590356888428, -0.2642809234730436]
  - [0.0, 0.0, 0.0, 1.0]
  T_cn_cnm1:
  - [0.999982544043553, -0.000338053004014065, 0.005898926033380417, -0.04897703391551126]
  - [0.0003380535112486067, 0.9999999428594937, 9.110974230144971e-07, 6.396961689207122e-05]
  - [-0.005898926004312025, 1.0830711392425054e-06, 0.9999826011840505, 0.0003205892905764947]
  - [0.0, 0.0, 0.0, 1.0]
  cam_overlaps: [0]
  camera_model: pinhole
  distortion_coeffs: [0.015532529249206579, -0.009718575009503981, 0.0019185871635860874,
    -0.0019570756275127926]
  distortion_model: radtan
  intrinsics: [392.01421604418516, 393.16849684683854, 325.530116787782, 246.45298146576133]
  resolution: [640, 480]
  rostopic: /camera_d435i/infra2/image_rect_raw
  timeshift_cam_imu: -0.03534239993972251
