cam0:
  cam_overlaps: [1]
  camera_model: pinhole
  distortion_coeffs: [0.018492086903682044, -0.008524495619041499, -0.0007494319370334488,
    -0.002165735216361377]
  distortion_model: radtan
  intrinsics: [394.2406948876976, 395.3394277836846, 327.03456452157025, 241.91420528384086]
  resolution: [640, 480]
  rostopic: /camera_d435i/infra1/image_rect_raw
cam1:
  T_cn_cnm1:
  - [0.9999444260522662, 0.00020753145739050788, 0.010540480904470581, -0.04889997890134059]
  - [-0.00020862129058165635, 0.9999999730063823, 0.00010229560626754988, 5.3676776797382846e-05]
  - [-0.010540459390388621, -0.00010448889002651575, 0.9999444423556295, 0.0008269645843745861]
  - [0.0, 0.0, 0.0, 1.0]
  cam_overlaps: [0]
  camera_model: pinhole
  distortion_coeffs: [0.018498965671748586, -0.007993207840513395, -0.0002973668888825568,
    -0.004977936568768677]
  distortion_model: radtan
  intrinsics: [394.2638852959714, 395.8315081632527, 322.8616728372539, 242.21041351029345]
  resolution: [640, 480]
  rostopic: /camera_d435i/infra2/image_rect_raw
