cam0:
  T_cam_imu:
  - [0.9999675681423265, 0.006043224970873622, 0.005323729470096963, 0.0034306949866428986]
  - [-0.006051952714900981, 0.9999803667170883, 0.0016248226647128576, 0.004265298769274335]
  - [-0.005313805778909503, -0.0016569889277154046, 0.999984508807929, -0.02004366759303921]
  - [0.0, 0.0, 0.0, 1.0]
  cam_overlaps: [1]
  camera_model: pinhole
  distortion_coeffs: [0.018492086903682044, -0.008524495619041499, -0.0007494319370334488,
    -0.002165735216361377]
  distortion_model: radtan
  intrinsics: [394.2406948876976, 395.3394277836846, 327.03456452157025, 241.91420528384086]
  resolution: [640, 480]
  rostopic: /camera_d435i/infra1/image_rect_raw
  timeshift_cam_imu: -0.031157891013255706
cam1:
  T_cam_imu:
  - [0.999854729958051, 0.006232951047720147, 0.01586408843110565, -0.04567985928381176]
  - [-0.006261110655126288, 0.9999789094759226, 0.0017260059991269245, 0.004316209335791915]
  - [-0.015852995738266, -0.0018250820752728882, 0.9998726676940126, -0.019252196207230166]
  - [0.0, 0.0, 0.0, 1.0]
  T_cn_cnm1:
  - [0.9999444260522662, 0.00020753145739050793, 0.010540480904470581, -0.04889997890134059]
  - [-0.0002086212905816564, 0.9999999730063823, 0.0001022956062675499, 5.3676776797382846e-05]
  - [-0.010540459390388621, -0.00010448889002651579, 0.9999444423556295, 0.0008269645843745861]
  - [0.0, 0.0, 0.0, 1.0]
  cam_overlaps: [0]
  camera_model: pinhole
  distortion_coeffs: [0.018498965671748586, -0.007993207840513395, -0.0002973668888825568,
    -0.004977936568768677]
  distortion_model: radtan
  intrinsics: [394.2638852959714, 395.8315081632527, 322.8616728372539, 242.21041351029345]
  resolution: [640, 480]
  rostopic: /camera_d435i/infra2/image_rect_raw
  timeshift_cam_imu: -0.03112945796278483
