cam0:
  cam_overlaps: [1]
  camera_model: pinhole
  distortion_coeffs: [-0.1765007903112986, 0.02021946363008183, 0.0009976603921592298,
    0.001331545246093177]
  distortion_model: radtan
  intrinsics: [264.6523261441377, 264.5377006824775, 425.2045080490652, 407.78670814197]
  resolution: [848, 800]
  rostopic: /camera/fisheye1/image_raw
cam1:
  T_cn_cnm1:
  - [0.9988537367981789, -0.0023491189990342822, 0.047808933519188274, -0.06239491091665618]
  - [0.002099447288941318, 0.9999838999529856, 0.005271826618699967, -0.0001804481351056638]
  - [-0.04782054794118053, -0.005165411381976536, 0.9988425870575702, 0.0031098824675898887]
  - [0.0, 0.0, 0.0, 1.0]
  cam_overlaps: [0]
  camera_model: pinhole
  distortion_coeffs: [-0.16930507018245472, 0.01767985791670586, 0.0008904327126687097,
    0.002280156406967715]
  distortion_model: radtan
  intrinsics: [264.35737355001436, 264.8377639049043, 413.04881863539936, 400.2267416967316]
  resolution: [848, 800]
  rostopic: /camera/fisheye2/image_raw
