cam0:
  T_cam_imu:
  - [-0.07799708463898117, 0.9963653428334103, 0.03424263991398363, 0.01729165042515289]
  - [-0.033789338547695724, -0.03696950611457664, 0.9987449805721939, 0.017406129030680662]
  - [0.9963808184566416, 0.07674216062962669, 0.03655003958366895, 0.04361892205651765]
  - [0.0, 0.0, 0.0, 1.0]
  cam_overlaps: [1]
  camera_model: pinhole
  distortion_coeffs: [-0.1765007903112986, 0.02021946363008183, 0.0009976603921592298,
    0.001331545246093177]
  distortion_model: radtan
  intrinsics: [264.6523261441377, 264.5377006824775, 425.2045080490652, 407.78670814197]
  resolution: [848, 800]
  rostopic: /camera/fisheye1/image_raw
  timeshift_cam_imu: 0.017308997859596432
cam1:
  T_cam_imu:
  - [-0.03019239996447512, 0.9989790525302111, 0.03360463643944417, -0.043078596197711296]
  - [-0.028699798384545394, -0.034472523020799645, 0.9989934768201778, 0.017491654959062228]
  - [0.9991319935609468, 0.02919756432345849, 0.029711305600829768, 0.045761513404035115]
  - [0.0, 0.0, 0.0, 1.0]
  T_cn_cnm1:
  - [0.9988537367981789, -0.0023491189990342822, 0.04780893351918829, -0.06239491091665618]
  - [0.002099447288941318, 0.9999838999529856, 0.005271826618699967, -0.0001804481351056638]
  - [-0.04782054794118054, -0.005165411381976536, 0.9988425870575702, 0.0031098824675898887]
  - [0.0, 0.0, 0.0, 1.0]
  cam_overlaps: [0]
  camera_model: pinhole
  distortion_coeffs: [-0.16930507018245472, 0.01767985791670586, 0.0008904327126687097,
    0.002280156406967715]
  distortion_model: radtan
  intrinsics: [264.35737355001436, 264.8377639049043, 413.04881863539936, 400.2267416967316]
  resolution: [848, 800]
  rostopic: /camera/fisheye2/image_raw
  timeshift_cam_imu: 0.018465856666606117
