cam0:
  cam_overlaps: [1]
  camera_model: pinhole
  distortion_coeffs: [-0.0035428194187345015, -0.004947523342403018, 0.00029963764470763835,
    0.001097251662006244]
  distortion_model: radtan
  intrinsics: [383.93977317473696, 384.3940718852688, 328.756838530591, 239.80586576535853]
  resolution: [640, 480]
  rostopic: /camera/infra1/image_rect_raw
cam1:
  T_cn_cnm1:
  - [0.9999971581104986, -0.00024173615573020655, -0.0023717787726678452, -0.049153645118045985]
  - [0.00024129803783355517, 0.9999999537740774, -0.00018500564622281777, 5.629536314775101e-05]
  - [0.002371823385583903, 0.00018443281489319505, 0.9999971702151729, -0.00022316381080401094]
  - [0.0, 0.0, 0.0, 1.0]
  cam_overlaps: [0]
  camera_model: pinhole
  distortion_coeffs: [-0.004558515538293565, -0.004111791478255423, 0.0005729052612725975,
    0.0010124915196498057]
  distortion_model: radtan
  intrinsics: [383.94807684668467, 384.34528387212174, 329.71668178874927, 240.24021507856247]
  resolution: [640, 480]
  rostopic: /camera/infra2/image_rect_raw
