cam0:
  T_cam_imu:
  - [-0.00047421235699762754, -0.9999997930535545, 0.000434759112487082, 0.004783245633490364]
  - [0.004800168494704771, -0.0004370304518203083, -0.9999883836259319, 0.0061475123058920954]
  - [0.999988366684863, -0.0004721199313749702, 0.004800374746567637, -0.12719915648608687]
  - [0.0, 0.0, 0.0, 1.0]
  cam_overlaps: [1]
  camera_model: pinhole
  distortion_coeffs: [-0.0035428194187345015, -0.004947523342403018, 0.00029963764470763835,
    0.001097251662006244]
  distortion_model: radtan
  intrinsics: [383.93977317473696, 384.3940718852688, 328.756838530591, 239.80586576535853]
  resolution: [640, 480]
  rostopic: /camera/infra1/image_rect_raw
  timeshift_cam_imu: -0.030099198889830824
cam1:
  T_cam_imu:
  - [-0.0028471225646351517, -0.9999957257545555, 0.0006651057976574393, -0.044070210894748316]
  - [0.004615050352307748, -0.0006782410746629663, -0.9999891205904645, 0.006228494134795995]
  - [0.9999852974935921, -0.00284402209287693, 0.004616961661917773, -0.12740948153379686]
  - [0.0, 0.0, 0.0, 1.0]
  T_cn_cnm1:
  - [0.9999971581105008, -0.00024173615573020655, -0.0023717787726678452, -0.049153645118045985]
  - [0.00024129803783355517, 0.9999999537740796, -0.0001850056462228177, 5.629536314775101e-05]
  - [0.002371823385583903, 0.000184432814893195, 0.9999971702151751, -0.00022316381080401094]
  - [0.0, 0.0, 0.0, 1.0]
  cam_overlaps: [0]
  camera_model: pinhole
  distortion_coeffs: [-0.004558515538293565, -0.004111791478255423, 0.0005729052612725975,
    0.0010124915196498057]
  distortion_model: radtan
  intrinsics: [383.94807684668467, 384.34528387212174, 329.71668178874927, 240.24021507856247]
  resolution: [640, 480]
  rostopic: /camera/infra2/image_rect_raw
  timeshift_cam_imu: -0.030052297105314093
