cam0:
  cam_overlaps: [1]
  camera_model: pinhole
  distortion_coeffs: [0.3189594491533717, 0.20099926383752179, -0.16068055328112815,
    0.18913675251607084]
  distortion_model: equidistant
  intrinsics: [384.2831196434207, 384.68066140376425, 327.22616316306505, 239.14998171132908]
  resolution: [640, 480]
  rostopic: /camera/infra1/image_rect_raw
cam1:
  T_cn_cnm1:
  - [0.9999963475920942, -0.00010138396103754226, -0.002700837603468814, -0.04916064321901357]
  - [0.00010289747152129911, 0.9999998377645899, 0.0005602525328970065, 5.207665474895692e-05]
  - [0.0027007803646763567, -0.0005605283959866137, 0.9999961957894317, -0.0001212460028203306]
  - [0.0, 0.0, 0.0, 1.0]
  cam_overlaps: [0]
  camera_model: pinhole
  distortion_coeffs: [0.316062116860005, 0.20341574144382513, -0.1426273311001033,
    0.15773209584617873]
  distortion_model: equidistant
  intrinsics: [384.2630392341143, 384.6954035185896, 328.31979572954907, 239.3244132239865]
  resolution: [640, 480]
  rostopic: /camera/infra2/image_rect_raw
