cam0:
  cam_overlaps: [1]
  camera_model: omni
  distortion_coeffs: [-0.2473985206929851, -0.030891976533504527, -0.0007375535893243942,
    0.0010051076568493116]
  distortion_model: radtan
  intrinsics: [0.8997892687834644, 546.5120098086672, 546.3648862907238, 428.60375252310007,
    409.2232324463706]
  resolution: [848, 800]
  rostopic: /camera/fisheye1/image_raw
cam1:
  T_cn_cnm1:
  - [0.9999924047444176, -0.0027687122761141944, 0.0027431160755830505, -0.06274461420687562]
  - [0.0027608772231698664, 0.9999921105465893, 0.002855941443999735, -0.00021242274949789125]
  - [-0.0027510017140324446, -0.0028483463457009577, 0.9999921594255925, 4.486790844108026e-05]
  - [0.0, 0.0, 0.0, 1.0]
  cam_overlaps: [0]
  camera_model: omni
  distortion_coeffs: [-0.2583491596162707, -0.008036837415812965, -0.0008465939680239056,
    0.003821165916557413]
  distortion_model: radtan
  intrinsics: [0.8596247804694407, 536.171306187932, 535.8532455961149, 428.48753342486947,
    402.2466533046647]
  resolution: [848, 800]
  rostopic: /camera/fisheye2/image_raw
