cam0:
  T_cam_imu:
  - [-0.01218167872339665, 0.9993668505106934, 0.033429101151812246, -0.007621358868099089]
  - [-0.018711187964242593, -0.03365355120435781, 0.9992583899754373, -0.0030979174948261396]
  - [0.9997507180034668, 0.011547146473212144, 0.019109297733811592, -0.005129209529056348]
  - [0.0, 0.0, 0.0, 1.0]
  cam_overlaps: [1]
  camera_model: omni
  distortion_coeffs: [-0.2473985206929851, -0.030891976533504527, -0.0007375535893243942,
    0.0010051076568493116]
  distortion_model: radtan
  intrinsics: [0.8997892687834644, 546.5120098086672, 546.3648862907238, 428.60375252310007,
    409.2232324463706]
  resolution: [848, 800]
  rostopic: /camera/fisheye1/image_raw
  timeshift_cam_imu: 0.012010036047256707
cam1:
  T_cam_imu:
  - [-0.009387348038484927, 0.9994841122275175, 0.030714607299716923, -0.07037140796372211]
  - [-0.015889442953309685, -0.030861178546894935, 0.9993973750522513, -0.0033460061616258216]
  - [0.9998296871464851, 0.00889365298784156, 0.016170950407876, -0.0050545110913812474]
  - [0.0, 0.0, 0.0, 1.0]
  T_cn_cnm1:
  - [0.9999924047444185, -0.002768712276114195, 0.002743116075583051, -0.06274461420687562]
  - [0.002760877223169867, 0.9999921105465902, 0.0028559414439997344, -0.00021242274949789125]
  - [-0.002751001714032445, -0.0028483463457009573, 0.9999921594255934, 4.486790844108026e-05]
  - [0.0, 0.0, 0.0, 1.0]
  cam_overlaps: [0]
  camera_model: omni
  distortion_coeffs: [-0.2583491596162707, -0.008036837415812965, -0.0008465939680239056,
    0.003821165916557413]
  distortion_model: radtan
  intrinsics: [0.8596247804694407, 536.171306187932, 535.8532455961149, 428.48753342486947,
    402.2466533046647]
  resolution: [848, 800]
  rostopic: /camera/fisheye2/image_raw
  timeshift_cam_imu: 0.01189425333265192
