cam0:
  cam_overlaps: [1]
  camera_model: ds
  distortion_coeffs: []
  distortion_model: none
  intrinsics: [0.007652422331241694, 0.647738013853296, 292.3348449000816, 292.6176539861987,
    430.16378079260267, 407.9908288024025]
  resolution: [848, 800]
  rostopic: /camera/fisheye1/image_raw
cam1:
  T_cn_cnm1:
  - [0.9999961230050097, -0.002269307288274939, 0.0016137593961279798, -0.06282032050440221]
  - [0.0022644545196009104, 0.9999929282460933, 0.003002616116009231, -0.00017891317112655027]
  - [-0.0016205618426546112, -0.0029989501901234697, 0.9999941900216617, 1.3291431260049712e-05]
  - [0.0, 0.0, 0.0, 1.0]
  cam_overlaps: [0]
  camera_model: ds
  distortion_coeffs: []
  distortion_model: none
  intrinsics: [-0.0004414229092788133, 0.6480418511674277, 290.76001671747434, 291.003328899808,
    430.69249144726746, 400.93740628172225]
  resolution: [848, 800]
  rostopic: /camera/fisheye2/image_raw
