cam0:
  T_cam_imu:
  - [-0.027518684801219523, 0.9988923788832543, 0.03816722934360517, -0.011954442163402672]
  - [-0.013283951491656398, -0.0385437463284741, 0.9991686125233001, 0.0016448645931801318]
  - [0.9995330202747589, 0.026988794488129075, 0.014329911112741817, -0.006587515172270976]
  - [0.0, 0.0, 0.0, 1.0]
  cam_overlaps: [1]
  camera_model: ds
  distortion_coeffs: []
  distortion_model: none
  intrinsics: [0.007652422331241694, 0.647738013853296, 292.3348449000816, 292.6176539861987,
    430.16378079260267, 407.9908288024025]
  resolution: [848, 800]
  rostopic: /camera/fisheye1/image_raw
  timeshift_cam_imu: 0.012791299727347192
cam1:
  T_cam_imu:
  - [-0.025875426940270757, 0.9990195272076563, 0.0359227857835373, -0.07478907968820837]
  - [-0.010344958405831772, -0.036200490405346425, 0.9992910018257916, 0.0014190897201690213]
  - [0.9996116466489575, 0.02548546158506093, 0.011271518600262403, -0.0065597454218546585]
  - [0.0, 0.0, 0.0, 1.0]
  T_cn_cnm1:
  - [0.9999961230050082, -0.002269307288274939, 0.0016137593961279798, -0.06282032050440221]
  - [0.0022644545196009104, 0.9999929282460918, 0.0030026161160092305, -0.00017891317112655027]
  - [-0.0016205618426546112, -0.0029989501901234693, 0.9999941900216601, 1.3291431260049712e-05]
  - [0.0, 0.0, 0.0, 1.0]
  cam_overlaps: [0]
  camera_model: ds
  distortion_coeffs: []
  distortion_model: none
  intrinsics: [-0.0004414229092788133, 0.6480418511674277, 290.76001671747434, 291.003328899808,
    430.69249144726746, 400.93740628172225]
  resolution: [848, 800]
  rostopic: /camera/fisheye2/image_raw
  timeshift_cam_imu: 0.012461522676169267
