cam0:
  cam_overlaps: [1]
  camera_model: pinhole
  distortion_coeffs: [-0.004992137990353608, -0.0029925289106524588, 0.0004935278612593237,
    0.0016688027726400238]
  distortion_model: radtan
  intrinsics: [385.0266655931533, 385.43997595829074, 329.59267274259594, 239.83172418324614]
  resolution: [640, 480]
  rostopic: /camera/infra1/image_rect_raw
cam1:
  T_cn_cnm1:
  - [0.9999969604708686, -0.00032567153650306965, -0.002443969533209387, -0.04915972902642607]
  - [0.00032436004473925374, 0.9999998032103381, -0.0005370007927660057, 3.796689827876569e-05]
  - [0.0024441439381347263, 0.0005362064344693181, 0.9999968693166366, -0.0003218756560233877]
  - [0.0, 0.0, 0.0, 1.0]
  cam_overlaps: [0]
  camera_model: pinhole
  distortion_coeffs: [-0.005086913193915191, -0.0038396742801981216, 0.0008908922343161653,
    0.00152892403523515]
  distortion_model: radtan
  intrinsics: [385.0139048434881, 385.3129010247597, 330.60885761579146, 240.4245776399953]
  resolution: [640, 480]
  rostopic: /camera/infra2/image_rect_raw
