cam0:
  T_cam_imu:
  - [-0.0049589199899103265, -0.9999876848322418, 0.00019823316047529183, 0.0007299145588108602]
  - [0.003986811667732848, -0.00021800454517098555, -0.9999920288716023, 0.002495046990922182]
  - [0.9999797570177402, -0.004958090143445282, 0.003987843636575283, -0.03747801860394755]
  - [0.0, 0.0, 0.0, 1.0]
  cam_overlaps: [1]
  camera_model: pinhole
  distortion_coeffs: [-0.004992137990353608, -0.0029925289106524588, 0.0004935278612593237,
    0.0016688027726400238]
  distortion_model: radtan
  intrinsics: [385.0266655931533, 385.43997595829074, 329.59267274259594, 239.83172418324614]
  resolution: [640, 480]
  rostopic: /camera/infra1/image_rect_raw
  timeshift_cam_imu: -0.03054775734390618
cam1:
  T_cam_imu:
  - [-0.007404123368187326, -0.9999724569214119, 0.000514155330122168, -0.04833903411636585]
  - [0.0034482124853911778, -0.0005396980541231278, -0.9999939092597844, 0.002553375879022058]
  - [0.9999666438375852, -0.007402305354766603, 0.0034521135019780214, -0.03779665505166639]
  - [0.0, 0.0, 0.0, 1.0]
  T_cn_cnm1:
  - [0.9999969604708675, -0.00032567153650306965, -0.002443969533209387, -0.04915972902642607]
  - [0.00032436004473925374, 0.999999803210337, -0.0005370007927660057, 3.796689827876569e-05]
  - [0.0024441439381347263, 0.0005362064344693181, 0.9999968693166355, -0.0003218756560233877]
  - [0.0, 0.0, 0.0, 1.0]
  cam_overlaps: [0]
  camera_model: pinhole
  distortion_coeffs: [-0.005086913193915191, -0.0038396742801981216, 0.0008908922343161653,
    0.00152892403523515]
  distortion_model: radtan
  intrinsics: [385.0139048434881, 385.3129010247597, 330.60885761579146, 240.4245776399953]
  resolution: [640, 480]
  rostopic: /camera/infra2/image_rect_raw
  timeshift_cam_imu: -0.030450329447662045
