cam0:
  T_cam_imu:
  - [0.9969449881907114, 0.03550589960337927, -0.06957026386881986, 0.02957090733462541]
  - [-0.03308723492607679, 0.9988176927629572, 0.035615326878040705, -0.01609068655474461]
  - [0.07075256466283801, -0.03320463396933982, 0.9969410849576786, -0.014728810012243809]
  - [0.0, 0.0, 0.0, 1.0]
  cam_overlaps: [1]
  camera_model: pinhole
  distortion_coeffs: [0.015456423295635777, -0.008300872266559508, 0.0014890612874466113,
    -0.00026549266727789146]
  distortion_model: radtan
  intrinsics: [392.09651003936784, 393.09190767381585, 327.8529575925707, 246.05592585900285]
  resolution: [640, 480]
  rostopic: /camera_d435i/infra1/image_rect_raw
  timeshift_cam_imu: -0.03346139793219991
cam1:
  T_cam_imu:
  - [0.9973561349471981, 0.03497175481269071, -0.06370020760176054, -0.0194880874252518]
  - [-0.03275014781919657, 0.9988296083313843, 0.035592714681437, -0.016016732888748154]
  - [0.06487039310045162, -0.03341242113188524, 0.9973341677758255, -0.014582418479418317]
  - [0.0, 0.0, 0.0, 1.0]
  T_cn_cnm1:
  - [0.999982544043553, -0.000338053004014065, 0.005898926033380417, -0.04897703391551126]
  - [0.0003380535112486067, 0.9999999428594937, 9.110974230144971e-07, 6.396961689207122e-05]
  - [-0.005898926004312025, 1.0830711392425054e-06, 0.9999826011840505, 0.0003205892905764947]
  - [0.0, 0.0, 0.0, 1.0]
  cam_overlaps: [0]
  camera_model: pinhole
  distortion_coeffs: [0.015532529249206579, -0.009718575009503981, 0.0019185871635860874,
    -0.0019570756275127926]
  distortion_model: radtan
  intrinsics: [392.01421604418516, 393.16849684683854, 325.530116787782, 246.45298146576133]
  resolution: [640, 480]
  rostopic: /camera_d435i/infra2/image_rect_raw
  timeshift_cam_imu: -0.033382218510731525
