cam0:
  cam_overlaps: [1]
  camera_model: pinhole
  distortion_coeffs: [0.015456423295635777, -0.008300872266559508, 0.0014890612874466113,
    -0.00026549266727789146]
  distortion_model: radtan
  intrinsics: [392.09651003936784, 393.09190767381585, 327.8529575925707, 246.05592585900285]
  resolution: [640, 480]
  rostopic: /camera_d435i/infra1/image_rect_raw
cam1:
  T_cn_cnm1:
  - [0.9999825440435524, -0.000338053004014065, 0.005898926033380418, -0.04897703391551126]
  - [0.0003380535112486067, 0.999999942859493, 9.110974230144979e-07, 6.396961689207122e-05]
  - [-0.005898926004312026, 1.0830711392425062e-06, 0.9999826011840498, 0.0003205892905764947]
  - [0.0, 0.0, 0.0, 1.0]
  cam_overlaps: [0]
  camera_model: pinhole
  distortion_coeffs: [0.015532529249206579, -0.009718575009503981, 0.0019185871635860874,
    -0.0019570756275127926]
  distortion_model: radtan
  intrinsics: [392.01421604418516, 393.16849684683854, 325.530116787782, 246.45298146576133]
  resolution: [640, 480]
  rostopic: /camera_d435i/infra2/image_rect_raw
