cam0:
  cam_overlaps: [1]
  camera_model: pinhole
  distortion_coeffs: [0.011581885995182652, 0.0017702582006702005, 0.0004051068953751858,
    0.0014071362504665791]
  distortion_model: radtan
  intrinsics: [394.9432347306343, 395.9424569032981, 330.83674553412584, 243.45316397785143]
  resolution: [640, 480]
  rostopic: /camera/infra1/image_rect_raw
cam1:
  T_cn_cnm1:
  - [0.9999878068577925, -0.0002159320061107232, 0.004933508802462204, -0.04900321596180845]
  - [0.00021711200235887275, 0.9999999479553212, -0.00023864560820365931, 4.243380565909492e-05]
  - [-0.004933457014474412, 0.00023971382233857984, 0.9999878016951821, -0.00016993412542907598]
  - [0.0, 0.0, 0.0, 1.0]
  cam_overlaps: [0]
  camera_model: pinhole
  distortion_coeffs: [0.012048127759228956, 0.0013539840745713854, 0.0008308026001087903,
    0.0004808332808083879]
  distortion_model: radtan
  intrinsics: [394.691730400379, 395.67292698833523, 328.78143145756974, 243.94891060033194]
  resolution: [640, 480]
  rostopic: /camera/infra2/image_rect_raw
